% plotCamErr.m





% points

x = [-4.429271840967274,5.599128731727756,3.45886921559723,-5.152654812696331,5.5100605282425,1.0226971979720967,-1.5062893630521512,5.518715890406849,5.109181325427602,4.103376444279148,-10.433434526187419,1.5153662509934318,-7.751343585057558,6.857875451797281,0.5371733695246461,6.0756263933376005,2.621826695793617,3.408471364286712,10.541638874882251,-0.7615744877375881,15.33032244190228,7.520177712196536,1.9375648048886207,-20.9097913463279,5.784913267505404,2.651363792869658,-5.752195825774622,-5.290759734194954,6.640743585255175,2.7775488397759895,6.169012992568653,3.8973139697736516,5.793188145726331,11.93201033754155,-0.2369490365696123,5.57298172084766,-9.412083506900053,-8.752332934290568,-13.585009556911082,-1.8730819025174124,-3.130672864310844,-2.874480735736066,8.835189689390248,5.109258007399156,8.74156079802251,10.005594774004297,7.033113655620097,-3.975846706326637,-12.966032380798776,4.626369065582159,3.5439282887105032,12.254260979955777,3.7702050654456007,0.45035637805532636,7.761857013268046,-5.08043270760148,13.269769324603322,-0.20210263834050135,1.030678439243804,-6.775609207815716,7.199846586606616,9.436765218300366,17.331632427069255,4.743382747072071,1.6177121951280524,-8.289963544657644,-5.724254929646496,-4.235604229232602,4.121452483385456,3.7384461411683123,-0.67783696574232,1.578886401303503,1.9118336476885276,-0.9239142939754039,0.10352789866147871,11.107630454437432,-0.4100105557550435,-3.4822417611935705,-7.342591227797406,-0.7980739105381578,8.236237604231215,20.128365842485763,2.907352351074896,16.221283439640118,11.363291537395048,3.4562256510688645,8.289458378930986,8.691447053356788,0.32031876195004205,-1.572767072225182,2.0480199335514166,6.036866851070376,3.7534511069898704,9.945146189246763,-3.5109441874363627,3.4234820126723924,-4.861970908633046,7.051136434889325,-10.304892575601608,-10.271007430491538,6.115996190862224,-0.5785141677143368,6.298161524606443,8.102069972316144,0.980622879764498,0.06260069974914106,-6.686321073256154,-2.2061854173986184,7.9836111495789055,0.5970393014029751,-5.880581094691433,10.018885268347908,10.429845842042045,6.61802025776685,-0.17449281439801378,-1.9038302481120963,8.367571704475907,-8.049874984066637,10.813642603774957,-0.6594559190999525,10.301215897792341,3.4717735097870817,-8.54900083615712,9.083347344931244,9.852125357744345,4.9184994786489025,10.319549038716312,8.229255073673592,3.7346308839633107,2.0121239421466557,10.864577754289595,7.927271307774032,6.742694538007411,6.931139941942,10.455745760263738,11.969968776690973,9.102980816896473,13.821620515291551,13.378856518150705,10.899367046800698,-0.7014816163089219,-6.3981656888161265,-9.92616908763127,-3.9594232587693092,7.397127356439704,0.6441916671766013,17.064625212187813,0.9600124695317767,10.697908386903283,13.28130258896733,5.383318743392158,4.917031488204666,1.502477663841919,3.8784431296175086,0.09265880042845032,-1.940727292952972,-7.745017005026366,3.632085115565725,-0.2800984407093363,7.48848369114836,-1.6483609667534078,-0.3656770179173061,-4.109907497216816,10.36917128962039,1.0206345608904903,7.069862811710738,9.920492054311937,-3.193394705078047,8.997599965098306,4.686021737178506,0.5905282346455991,3.49216821403128,5.539936803857207,8.072936724532784,1.4389849755964281,-0.7799290139156696,11.905422432426933,-7.82652410702701,5.302957871449157,-4.314583528836308,-7.167287852820385,-15.51967467927141,1.235752271229722,-9.649080148148292,-3.983471307552362,2.7646664236884315,0.2906110439400047,-0.37793437512150074,-4.018779754474882,8.68747247494073,7.538029505968106,-3.6600027991458832,5.816574355122491,3.4961879372308706,-4.6924746319611375,-3.0562367270596535,-5.346049614534506,-1.598822738546621,2.767187254469805,-0.6250359402999845,-1.8637755857980096,9.812344527340283,-5.456577521014882,-1.0360012233510743,3.7078650658136807,2.7449107949547744,-10.870150310675228,-7.644088421798626,-7.256395922013855,-4.493066186189923,-4.615080167098252,-1.7782822046704778,-8.879102725569302,-8.25855243860835,6.340984031039414,6.576551969325825,13.845659476860797,-7.4384128115425465,-1.8073934045309925,-12.928413006146446,5.526099119155404,8.913452323589802,-8.59995121545362,-1.7517880321440598,4.056346458376879,-1.809701384388573,6.963909740124677,5.367270067714728,3.405026784769983,3.8365153205502502,3.0850157207467652,-0.38172042552959784,11.824916865888653,-4.349285727039703,-5.0710221154953485,20.24008403183359,5.371090131279464,3.1102609242893626,2.456575344840767,-0.3636068553823102,1.3534325358798087,-0.9761645397858203,9.435832393625903,-2.833291622923368,2.653053897453985,8.315977656485526,8.760445588342218,12.987678285721923,4.788516907023476,0.3919137535114565,1.9474587411837163,-5.868337754832979,1.8143902294498937,9.994766617092644,0.3580098283400739,13.608933243601289,1.9910459450326785,-2.4225588019117845,1.4827722111585724,6.567490528829009,-3.5676544176652083,9.82982947306931,-7.6275400107125275,-5.087694578046286,-3.5323248402012357,2.4006554080296234,-3.3584248551246407,9.260821848656338,-1.1421362219523852,0.027103948128696098,-0.9978937009449487,-11.103490409712435,9.304237262108902,-9.639084462769057,-3.28343693941701,-1.0941700214887633,-4.15113433944841,-5.932488716909143,9.483200968993394,-2.2350550700223195,-2.2319540383137406,16.290082012549654,-2.1086270008799177,-4.523771315997401,3.495087658131883,-3.9869076287925838,14.056834847430917,-1.0751583233050184,-2.553639032020155,-5.065209319605001,-7.682738467482801,-6.574709909554585,-6.277723228528476,11.36097801360736,0.7816483517459585,-8.22668759183327,9.623870636175045,8.488866216064629,-3.7448021353837335,2.73910413288917,-1.3176603180096964,-3.515994722075468,-7.685825637455057,2.1418160258306314,-11.578536822453284,-6.202651462320118,2.6271757884964755,16.038402706269267,2.443781049098411,12.935070623385316,0.6010967722568457,5.998136643254333,6.041723579366964,1.781290997434708,8.776129133538074,1.6849745410300676,-1.3700914718988857,3.080611140206524,-12.251790054690938,3.8590612807303835,0.7851866067758047,0.9658269924187279,-0.06681081459676452,-0.3610514036015,0.744301402616276,-1.1418925750868163,-3.1381037924415436,3.0889210779659115,-5.0146403064206755,4.434478099191789,3.325311642474819,1.9413169142626452,-0.2358239239645301,3.755828272960068,11.306773343217499,-0.568635802449228,7.256462815909523,4.190452616322132,7.720265081324075,0.6297021286386286,4.18557692958339,-3.2763060498848446,-1.7445126690452137,-7.512579611790201,-5.457832612189678,-0.6213553198989858,-4.669277571116299,8.125717359909352,7.575688196827012,-1.8449292236532928,3.4243720875541026,-8.23404391974649,0.9379373196661387,10.383251059254446,-4.6983658752424065,-1.4065470318788802,3.920783658671975,-1.2892910240968973,-12.088762170232139,3.067727682439593,13.04244349439793,3.8221679056631395,-1.6934808143061186,11.1186491638772,-0.7185804018831554,-3.075905419576282,2.3192576427129814,0.18538331361880012,-0.32139557231390325,6.544254089871774,2.970555399310129,9.40530039022091,0.6692703962423914,5.697085904800714,5.726769757891291,3.7170289794065505,4.449213660229809,11.051634520685113,0.814173265504949,-4.6852577452922395,-1.639177553950116,0.9469694671118098,1.8787064883994853,1.0332188826232886,0.874157634301854,4.997794231978256,12.1049349756526,11.395881607159462,-1.1379368540118677,0.7647798396084875,2.188939779586241,-8.832373946980294,6.582297953865527,-2.520229209495505,-0.2114395507822806,0.17945981986920057,6.382420295807024,-1.326853287073949,-4.132735008899649,8.277975515617738,-4.83996346935024,-3.653783084667926,-0.12011364197250884,-8.741359137788443,2.0558362293456027,2.7306544967622832,1.7706328913622706,1.9166860837274031,-4.124450426472215,-1.9439255483926394,11.80692849862298,14.954846696143038,0.1476985928727197,-3.9443612972162168,1.6292258315495878,7.1549835372966095,-4.802972677212473,-2.2543396371477193,10.914487889379007,1.1517137926331875,-2.936635846653676,4.418485276779588,